1000 5000 12
1 12 82841
1 8 486157
1 13 473376
1 7 68114
1 5 593204
1 4 528123
1 9 151358
1 9 205345
1 17 643874
2 21 345082
2 10 974228
2 4 7148
2 15 263837
2 3 829096
2 14 635038
2 10 591764
2 21 647140
3 5 583993
3 19 653501
3 5 426463
3 6 276378
3 12 528997
3 8 369205
3 5 16389
3 13 580724
3 23 584935
3 9 84015
3 5 962421
3 15 24847
3 21 881600
3 10 795175
3 5 472049
3 21 95128
3 12 259378
4 16 99743
4 13 624974
4 14 532306
4 8 362037
4 11 712043
4 5 169861
4 15 852051
5 12 827622
5 16 331827
5 19 399828
5 19 384103
5 7 937283
5 15 507156
5 10 428014
6 9 478268
6 14 726512
6 13 500751
6 23 188935
6 23 371748
6 9 501093
6 20 823833
6 16 282873
6 9 281639
7 21 488222
7 25 939593
7 9 670962
7 8 695534
7 14 167257
7 26 506301
7 10 477763
8 15 311593
8 24 612427
8 20 748965
8 9 231778
8 27 430105
8 13 744540
9 13 501254
9 22 536217
9 10 146839
9 14 375718
9 12 387496
10 16 882165
10 24 763243
10 25 982698
10 24 651721
10 18 275848
10 29 765846
11 27 814220
11 12 802312
12 29 907223
12 31 751881
12 28 219122
12 18 520315
12 24 142669
13 21 433483
13 16 566392
13 19 96745
14 26 33462
14 29 115975
14 31 290383
14 33 668016
14 22 457733
14 30 580876
14 20 640121
15 28 655281
15 35 139902
15 29 267291
16 25 464414
16 20 948047
16 33 51453
16 33 696508
17 34 552123
17 32 739572
17 22 986861
17 30 854346
17 24 235454
18 19 749115
18 27 469170
18 25 132242
18 24 778427
18 32 520615
18 25 573664
18 32 195656
18 29 290058
18 29 691435
18 27 211009
19 24 118258
19 39 64855
19 28 942000
19 20 443587
19 33 671915
19 24 327584
19 33 831666
20 34 541287
20 28 369073
20 37 64731
20 26 604851
20 31 967107
20 32 656471
20 21 916829
20 22 15094
21 28 238993
21 41 345716
21 41 292132
21 28 611077
21 26 951310
22 33 701346
22 34 364814
22 37 128876
22 25 755500
22 41 763440
22 39 931295
22 26 292780
23 37 696976
23 39 113873
23 38 777263
24 31 998057
24 31 782277
25 41 780507
25 26 707098
25 30 406572
25 38 774151
25 30 898248
25 38 638014
26 43 992210
26 35 174137
26 42 504824
26 38 979377
26 45 867451
26 28 34768
26 36 739406
26 38 847800
27 36 94220
27 40 84181
27 36 319966
27 35 235729
28 42 467581
28 46 280983
28 36 674565
28 39 613658
28 39 726923
28 29 521510
28 45 314577
28 43 201367
28 32 928472
29 40 181193
29 33 313717
29 37 252176
29 47 627430
30 41 434474
30 40 492230
30 49 871297
30 43 821455
31 36 388821
31 36 150720
31 35 195513
31 42 783760
31 41 488380
31 47 451458
31 36 15259
31 41 133706
31 43 133413
31 37 70398
32 48 602496
32 36 190864
32 48 877674
32 45 421147
32 41 280978
32 46 529339
33 39 102200
33 40 830706
33 38 638482
33 36 730025
33 36 451953
33 48 911636
33 34 26340
33 47 102041
33 44 597803
34 48 110450
34 36 820926
34 48 220417
34 43 359214
34 44 777972
34 41 233708
34 39 7865
35 40 144874
35 40 104227
35 49 441999
35 53 221277
35 51 886959
35 41 123150
35 43 278265
36 51 670622
36 46 344419
36 49 781209
36 39 82467
37 50 621314
37 40 599279
37 47 923065
37 54 972328
37 42 500224
38 55 68738
38 50 640090
38 53 652167
39 57 971333
39 55 936268
39 59 246985
39 59 214756
40 48 705921
40 55 840836
40 42 348490
40 57 57720
41 57 67034
42 60 211732
42 60 739731
42 45 86972
42 49 432328
42 47 345975
42 56 894511
42 47 371314
43 51 853336
43 54 564738
43 58 870461
43 56 495132
44 49 224362
44 54 518312
45 52 421678
45 65 600115
45 55 416546
45 63 675188
45 56 637610
46 62 383378
46 57 342186
46 64 229683
46 51 943883
46 47 321208
46 47 780382
46 55 696439
46 47 393841
47 57 231545
47 61 271695
47 66 491782
48 58 405868
48 54 953149
48 53 758146
48 52 239177
48 63 792053
48 56 130112
49 50 880526
49 55 822173
49 64 346470
49 55 365377
49 65 797665
49 61 14661
50 70 634797
50 57 788979
50 67 71931
50 58 853702
50 58 108029
51 55 881455
51 65 42849
51 66 985210
51 62 790285
52 63 1344
52 61 779099
52 68 210509
52 54 367943
52 67 921253
52 66 13095
52 65 49139
53 59 60106
53 63 915250
53 54 817332
53 71 480208
53 56 92537
53 55 184192
53 70 480999
53 54 964014
53 60 6938
53 69 748536
54 56 798986
54 64 59899
54 73 665847
54 69 448028
54 73 608376
54 67 281593
54 59 829488
55 69 703775
55 58 903954
55 61 93884
55 59 442871
55 71 261655
55 65 348430
56 67 952767
56 60 248515
56 72 771522
56 68 901218
56 65 123072
56 63 743437
56 68 76030
57 60 896237
57 77 804655
57 59 461766
58 74 630800
58 74 811647
58 59 279298
58 69 820992
58 70 794206
58 59 19227
58 66 670628
58 73 971696
59 70 635733
59 61 33388
59 76 876434
59 77 527538
59 65 998420
60 73 257662
60 63 855709
61 78 325941
61 81 472638
61 72 12976
61 76 457467
61 62 442427
62 73 692268
62 66 846809
63 81 600437
63 79 155034
63 71 296665
63 64 314112
63 64 595610
63 75 590686
64 74 1188
64 81 230194
64 78 271355
64 73 145652
64 74 326737
64 84 249839
65 71 848621
65 66 305649
65 76 367401
65 66 380078
65 77 47018
65 71 590025
66 82 29878
66 72 913029
66 76 525440
66 82 180056
66 78 83159
66 67 399633
66 86 884641
66 86 514716
67 87 695074
67 77 159620
67 76 632209
68 87 786537
68 74 425693
68 83 388962
68 70 241643
68 74 460036
68 87 512068
68 76 170803
68 88 709981
68 77 909161
68 74 463222
68 71 410037
69 77 215063
69 70 356053
69 86 357991
70 78 623495
70 87 736896
70 81 20076
71 88 924368
71 75 467182
71 86 184801
72 74 550308
72 76 694459
72 79 373587
72 87 996967
72 92 302760
72 77 971399
72 73 69251
73 82 791333
73 75 362758
73 88 511434
73 80 540895
73 90 945024
74 91 584193
74 90 270714
74 83 463946
74 76 803426
74 90 236256
74 79 992179
74 84 66861
75 94 58888
75 88 156413
75 92 657780
75 82 226150
75 84 931380
75 94 692568
75 77 635874
75 92 957812
76 93 870923
76 82 715921
77 96 164851
77 82 315021
77 94 799207
78 93 720705
78 98 7652
78 94 774360
78 95 574678
78 80 134162
78 93 799748
78 86 827860
79 92 765114
80 82 217858
80 97 555686
80 85 952959
80 85 80903
80 89 315236
80 100 602499
81 83 14432
81 95 734745
81 101 471119
81 94 733366
81 98 165309
81 85 819723
81 82 266381
82 96 165822
82 84 948069
82 83 236128
82 88 288412
83 92 492544
83 86 691608
83 98 739422
84 94 761217
84 97 986674
84 100 637226
84 91 37390
85 105 749601
85 89 572945
85 90 8260
85 99 108622
85 93 389158
85 102 897356
86 103 763186
86 91 257231
86 98 994192
86 98 3719
86 90 550054
86 95 181223
86 105 155889
86 88 144297
86 88 422244
86 100 945408
87 103 300127
87 88 240078
87 107 64484
87 92 515191
88 104 732150
88 106 315765
88 98 426179
88 90 387677
89 107 831492
89 91 939315
89 90 912850
89 97 381962
89 99 40379
90 103 129582
90 96 641045
91 98 561813
91 99 575154
91 97 748515
91 107 404581
91 98 992461
92 106 283493
92 110 248065
92 112 343807
93 99 281476
93 112 132320
93 95 492268
93 96 238339
93 99 179279
93 103 688760
93 102 316810
94 101 690054
94 105 876071
94 95 600706
94 109 520377
95 97 921872
95 108 339914
95 105 517658
95 99 784104
95 107 925551
95 98 239083
95 99 517789
96 102 208346
96 110 113122
96 114 234494
96 115 834207
96 112 591398
96 115 52879
96 111 626861
98 104 822982
98 118 287849
98 111 819005
99 106 33477
99 103 522061
99 109 346562
99 102 687450
99 102 471865
99 107 476419
100 110 81685
100 108 134822
100 108 120911
100 114 950073
100 104 946057
100 109 209687
100 110 399310
100 114 525591
100 115 141481
100 113 301347
100 118 766598
101 111 73224
101 121 700951
101 121 313801
101 115 8712
101 116 986905
101 118 260949
101 115 194856
102 103 273818
102 113 47118
102 119 951866
102 107 924438
103 121 770532
103 106 459549
103 113 449123
103 122 658059
103 122 700869
103 119 390608
103 122 101151
103 106 402691
104 124 832191
104 111 517047
104 116 478706
105 114 42896
105 106 822183
105 123 592437
105 118 367203
105 114 946581
105 115 1318
105 120 982207
106 109 34222
106 124 324860
106 112 19867
106 115 342784
106 120 868338
106 113 813233
106 111 579622
107 110 277591
107 121 512052
107 119 742405
107 125 981422
108 127 924374
108 115 308811
108 127 92124
108 125 264444
109 110 72165
109 122 5826
109 110 840191
109 114 739150
109 118 491262
109 126 939289
109 124 440027
109 122 893701
109 116 48383
109 128 789219
110 115 222336
110 127 548935
110 113 722075
111 130 326265
111 120 322563
111 117 509134
112 116 178824
112 120 783046
112 120 689052
112 114 697959
112 120 869426
112 117 433610
113 129 347000
113 122 180180
113 121 172215
114 124 860200
114 119 728200
114 131 321338
114 115 380393
114 119 231975
114 132 650416
114 115 683828
114 133 590064
115 123 163364
115 122 631930
115 125 564750
115 124 105301
115 117 879278
115 119 500801
115 124 735723
116 119 590984
116 125 714425
116 122 400998
116 121 974464
117 126 888827
117 123 251180
117 131 237534
117 135 438950
117 137 927332
118 121 341555
118 122 468641
118 125 837196
118 136 537087
119 126 88798
119 127 121869
119 135 616210
119 137 816761
119 136 640320
119 135 611057
119 125 845055
120 123 768743
120 135 821952
120 128 325715
120 135 315836
120 123 610557
121 138 790763
121 134 21723
121 128 974951
121 129 982087
122 135 305808
122 138 547205
122 141 853969
123 136 966259
123 132 330211
123 141 834194
123 142 327377
124 142 201685
124 144 877963
124 131 183320
124 134 680575
124 131 518770
125 140 251428
125 137 274733
125 136 161353
125 127 853318
125 127 44014
125 144 66528
126 140 216081
126 137 793598
126 139 793724
126 143 481713
126 136 539372
126 139 881070
126 131 552949
126 132 282500
126 146 752933
127 145 132876
127 140 47895
127 144 270562
127 140 376184
127 134 262899
127 129 232719
128 135 173351
128 137 350536
128 144 597537
128 142 263314
128 137 219781
128 130 398202
128 139 230490
128 132 549015
129 140 88127
129 141 607431
129 136 682259
129 146 589034
129 141 237583
130 132 633982
131 133 860359
131 132 28522
131 151 362210
131 148 770080
132 133 301477
132 137 619804
132 133 738982
132 138 780242
132 142 115408
133 135 628327
133 144 171635
133 141 212270
134 141 739870
134 154 749318
134 152 352431
134 151 625730
134 148 727097
134 137 61929
135 147 394200
135 153 731135
136 144 438993
136 153 724084
136 150 854766
136 144 358315
136 149 71464
136 144 158654
136 154 378245
137 155 222096
137 156 698837
137 154 746051
137 156 995528
138 151 958859
138 140 840226
138 144 185203
138 144 910369
138 151 522111
139 158 32766
139 153 52641
139 154 438066
139 148 597231
139 146 266172
139 155 585061
139 140 305904
139 145 276311
139 142 442465
139 147 162138
140 152 621090
140 144 90019
140 150 585962
140 145 691744
140 150 791094
140 145 75094
140 142 768420
140 142 312027
141 153 508077
141 145 938245
141 148 324449
141 155 923746
142 144 919114
142 156 867993
142 145 380394
142 161 803313
142 162 676054
143 150 235073
143 157 935160
144 160 247784
144 164 5007
144 153 266926
144 158 20682
144 149 534394
145 163 77781
145 155 509061
145 162 661394
145 146 483743
146 159 193403
146 153 209440
146 161 680743
146 160 18146
146 160 869452
147 149 566333
147 149 548853
147 153 732387
147 156 481763
147 162 870894
147 148 639992
147 151 157494
148 152 393954
148 158 419367
148 151 131205
148 164 761378
148 156 232556
149 151 504931
149 163 50737
149 159 328035
149 157 893035
149 157 78095
149 161 529944
149 152 484681
150 154 379275
150 153 353965
150 167 53127
150 162 896375
150 152 626093
150 162 502531
151 164 198258
151 165 838581
151 159 181381
151 165 649658
152 167 606704
152 172 597214
152 164 552348
152 159 531103
153 162 764282
153 164 19394
154 172 964783
154 170 227861
154 161 347039
154 155 917221
154 160 245790
154 166 526673
155 173 11570
155 170 988414
155 161 261245
155 158 516333
155 163 406219
155 173 178282
155 175 751190
155 168 542549
156 168 594050
156 165 469622
156 159 455478
156 169 567981
156 162 233319
157 177 583512
157 174 634588
158 166 26361
158 161 162029
159 172 845703
159 172 816237
159 164 718580
160 173 727658
160 162 691134
160 178 519922
160 166 681610
160 168 4377
160 174 20222
160 161 327880
161 162 611709
161 174 880968
161 168 704329
161 167 320591
162 174 439844
162 179 69002
162 181 376407
163 174 387004
163 182 884775
163 178 727878
163 177 44036
163 178 914392
163 169 281140
164 176 605030
164 172 465488
164 165 963998
164 171 195645
164 176 173625
165 171 391582
165 182 35697
165 172 77352
165 185 462658
165 168 976550
166 170 402451
166 176 214206
166 183 20071
166 174 512547
166 169 111471
167 172 491516
167 182 520418
167 180 705941
167 183 102400
167 181 167301
167 184 592339
167 173 132784
168 169 394520
168 174 991102
169 179 886108
169 181 327756
169 188 565274
169 183 930913
169 187 860372
169 187 813363
169 182 467360
170 179 338491
170 171 582357
170 174 181542
170 172 297141
170 174 31709
171 178 92798
171 186 788280
171 190 321004
171 188 94223
171 180 412641
171 182 404481
171 178 563656
171 172 148152
171 186 34022
171 176 920476
171 182 265442
172 180 800871
172 174 981766
172 191 541241
172 189 386070
172 189 357582
172 175 408097
173 174 441245
173 192 714582
173 176 284593
173 191 611881
173 181 604013
174 176 275109
174 175 680091
174 180 21972
174 194 93478
174 176 21197
174 191 450074
174 180 900814
174 185 787896
175 181 195291
175 193 350078
175 181 663205
176 186 612150
176 194 555709
176 192 103774
176 194 786395
177 193 629240
177 191 527099
177 187 308419
177 193 808743
177 190 24793
177 185 308363
177 192 933338
177 182 649700
178 187 434426
178 184 747466
178 181 251878
179 190 683265
179 186 158141
179 185 981402
179 190 118076
180 187 816159
180 188 540346
180 181 369183
181 194 522966
181 189 981799
181 195 782446
182 194 756162
182 188 590513
182 185 537105
183 185 53814
183 193 967982
183 189 13807
183 189 930829
183 188 300889
184 203 234165
185 204 627493
185 187 37486
186 202 755883
187 190 886412
187 203 783853
187 207 828779
187 206 737291
187 202 133146
187 201 738966
187 191 183580
187 199 820182
188 195 131549
188 201 421439
188 190 397555
188 205 532129
188 202 517525
189 198 768464
189 198 555168
189 190 990004
190 195 342087
190 203 362113
190 205 126427
190 197 530249
190 203 270588
190 196 452512
190 209 34318
191 211 144945
191 209 491136
191 193 201264
191 197 638041
191 198 727503
191 197 286035
191 195 549413
191 202 897564
191 203 354155
191 208 946075
191 198 287993
191 208 236128
191 211 207841
192 211 101855
192 193 641417
192 199 871919
192 207 732351
192 200 275198
192 195 850056
192 199 885991
193 204 87178
193 195 960806
193 209 897979
193 195 421515
193 194 270922
193 206 123726
193 213 630956
194 208 162210
194 210 232185
194 199 664733
194 201 87928
194 201 243622
194 209 702248
194 209 11520
194 203 805505
194 199 900822
195 212 262458
195 196 268439
195 200 428252
195 196 857429
195 215 487415
196 204 319720
196 209 49684
196 200 438104
196 214 288234
196 212 84635
196 201 420741
196 202 326844
196 204 552852
196 209 140605
196 203 141746
197 215 138286
197 216 36407
197 205 703790
197 206 753535
198 212 548657
198 213 191884
198 210 108690
198 206 209304
198 210 300187
199 209 448237
199 208 589699
200 205 147768
200 216 770872
200 219 34139
200 204 342286
200 211 77667
201 220 391542
201 205 761529
201 210 111042
201 213 203580
201 212 585959
202 215 799871
202 221 184596
202 212 614159
202 207 513939
203 212 178345
203 204 466317
203 212 480601
203 219 889635
203 214 272757
203 222 289114
204 223 333067
204 205 459462
205 224 6552
205 213 367099
205 213 100124
206 225 491968
206 217 102522
207 219 249653
207 215 550579
207 222 422246
207 216 269237
207 217 150209
207 224 678352
208 223 527236
208 221 757114
208 220 800202
209 210 835268
209 219 331720
210 221 709645
210 228 408194
210 219 411349
211 218 569492
211 215 292116
211 212 287102
211 228 238571
211 229 10943
212 216 749963
212 217 99813
212 219 721046
212 227 169652
212 216 296755
212 232 808454
213 219 2501
213 232 763698
213 216 140734
213 224 280511
213 221 104656
214 218 417674
214 226 849925
214 216 88438
214 218 587359
214 232 802196
215 217 79634
215 224 970132
215 222 380689
215 234 893035
215 230 101286
216 217 246725
216 236 332214
216 224 188188
216 231 908116
216 233 92329
217 226 961125
217 230 514139
217 224 571124
218 224 728950
218 222 505383
218 222 945582
219 223 92962
219 221 401652
219 237 372970
219 238 415408
219 223 625916
220 231 237199
220 230 76607
220 229 557087
220 237 42920
220 235 147417
220 226 602125
220 240 825614
221 222 680955
221 230 384950
221 238 690299
221 222 186388
221 230 927491
221 234 184190
222 234 271098
222 223 944971
222 237 745918
222 237 943086
222 224 388793
222 224 309698
222 223 821872
223 229 687798
223 226 411630
223 237 856236
224 225 667489
224 230 276541
224 229 741748
224 232 820703
224 225 96365
224 228 220281
224 228 411959
224 230 371797
224 240 674930
224 243 593079
225 232 236634
225 227 628270
225 236 838998
225 235 222057
225 227 743906
225 241 824780
225 237 474398
225 231 686547
226 232 854744
226 233 785862
226 230 372792
226 236 406253
226 231 993355
226 228 100598
226 238 933890
227 231 655205
227 230 358907
227 245 281387
227 236 216688
227 241 187034
227 244 709663
228 246 424663
228 237 250955
229 231 54353
229 247 430128
230 244 682770
230 249 985580
230 250 849460
230 239 103372
230 250 251797
231 246 434869
231 246 550206
231 241 439140
231 245 477808
231 244 250168
231 243 230592
232 248 240527
232 239 42245
232 237 590958
232 237 870367
232 241 454117
233 242 515274
233 247 426369
233 236 741044
233 239 673780
233 244 362155
233 251 384466
234 239 772618
234 244 970078
234 241 163702
234 238 610261
234 237 124388
234 253 311176
234 248 592989
234 248 329344
235 252 818788
235 245 814909
235 238 81864
235 236 529632
236 240 320405
236 253 435562
236 240 723072
236 240 317651
236 237 60770
237 242 255375
237 248 922644
237 239 335087
237 247 502797
237 251 456132
237 244 569768
237 245 731113
238 244 423769
238 248 395458
238 244 582897
239 253 552671
239 247 852432
239 258 933381
239 249 181659
239 248 214991
239 250 98478
239 249 493441
239 246 787315
240 252 791133
240 241 422292
241 256 205738
241 260 100093
241 258 469634
241 258 631558
241 255 696858
241 261 21679
241 254 965623
241 252 866877
241 242 646655
241 254 81364
242 259 277118
242 256 756117
242 262 731898
242 260 410571
242 262 757721
243 247 709296
243 254 998482
243 257 924421
243 246 405569
243 245 276658
243 260 114959
244 257 800618
244 246 759761
244 259 857907
244 252 788479
245 258 498580
245 252 200264
245 265 952320
245 263 822052
246 247 192675
246 252 307002
246 265 579562
247 253 942068
247 264 389543
247 252 775184
247 263 331829
247 255 22056
248 258 982297
248 260 138115
249 267 474554
249 250 566701
249 258 991571
249 250 837957
249 262 696742
249 262 397190
249 253 845763
249 259 731192
250 262 137097
250 264 136184
250 255 295196
250 260 277573
250 258 820856
250 258 572428
250 266 346709
251 268 687623
251 254 328572
251 267 930081
251 268 793240
251 269 444861
251 254 67296
251 270 147048
251 269 14916
251 257 850876
252 261 686934
252 261 416966
252 269 242988
252 261 850202
252 253 4083
253 260 611269
253 260 115718
253 267 239748
253 258 405502
254 265 682131
254 266 666668
255 272 788472
255 272 338453
255 272 320578
255 267 681550
255 263 759468
256 275 512361
256 274 572534
256 265 211934
257 276 755061
257 275 21805
257 265 91290
258 272 168594
258 277 194321
258 275 459147
259 275 470043
260 264 9574
260 272 783582
260 274 800174
260 264 275947
261 276 470024
261 281 933217
261 266 110457
261 264 129152
261 276 8459
262 269 728048
262 264 339183
262 277 618883
263 278 889252
263 278 44008
263 274 559865
263 280 740225
263 275 854319
263 282 773352
263 276 921747
263 273 80541
264 272 749339
264 266 68435
264 271 92095
265 281 606140
265 274 803626
265 283 666818
265 268 341328
265 283 716888
265 279 369010
265 275 857072
265 285 803504
265 271 941070
266 284 667903
266 276 396540
266 281 19643
266 286 575423
266 283 210366
266 269 379803
266 284 10866
267 276 118195
267 272 523139
267 271 982931
267 278 577145
268 272 657361
268 272 326597
268 276 859073
268 281 432473
268 269 204648
268 275 730269
269 286 586436
269 283 802431
269 288 603642
269 275 406922
269 281 272063
269 282 616923
270 279 887531
270 289 630112
270 279 295243
270 286 669329
271 272 737110
271 287 905380
271 284 643939
271 278 599132
271 288 547785
271 276 694929
271 273 870230
271 284 979702
271 288 800228
271 278 374695
271 283 615561
272 286 774209
272 273 827277
272 292 205063
273 284 678210
273 290 378834
273 281 963855
273 284 930600
273 279 381198
273 284 710704
273 289 848215
274 286 46645
274 292 809644
274 290 203769
274 280 531126
274 291 694012
275 283 533471
275 294 349389
275 284 738082
275 292 880384
275 281 499120
275 294 447633
276 289 144533
276 278 883208
277 288 194906
277 293 327134
277 281 825659
277 281 620974
277 286 487532
277 284 446271
278 282 217032
278 289 602609
278 294 521803
278 286 375687
278 286 251505
278 291 805876
278 280 458093
278 293 891496
278 285 100830
279 291 780493
280 283 883023
280 284 929389
280 287 31822
280 293 1959
280 293 304048
281 301 621569
281 285 892323
281 293 918400
281 291 462163
281 291 30118
282 290 868321
282 287 961515
282 285 620849
282 294 581679
282 300 355347
283 289 209918
283 292 440805
283 289 202230
283 286 879319
283 289 339973
284 286 904943
284 285 776119
284 296 633357
284 285 45630
284 299 513457
284 287 399650
285 292 831292
285 295 686380
285 286 355941
285 290 828765
285 303 375437
285 286 320820
286 289 133572
286 298 851440
286 301 645517
286 303 318339
287 300 504336
287 301 126328
287 301 272944
289 306 1494
289 309 185724
289 305 876116
289 292 406857
290 298 82496
290 300 391983
290 302 653291
291 309 319362
291 304 68247
291 309 820549
291 311 801060
291 301 371466
291 305 312247
291 295 410877
292 304 805164
292 297 393106
292 302 420590
292 296 449068
293 304 851300
293 300 598975
293 311 730990
293 312 938728
293 294 367888
293 309 330140
293 301 733582
293 296 468254
294 306 896154
294 310 42965
294 312 237065
294 298 421581
295 303 266620
295 300 625085
295 298 416622
295 315 383657
295 310 710778
295 304 236984
295 298 865935
295 305 287689
296 297 407909
296 306 430001
297 298 328386
297 301 503273
297 310 265577
297 316 346726
297 308 574499
297 310 626296
298 310 790176
298 301 316567
298 313 756239
298 300 710795
299 306 76684
299 302 30507
299 307 260506
299 318 284280
299 301 252498
299 305 292091
300 319 426090
300 312 560556
300 309 936441
300 319 64213
300 316 404730
301 321 487702
301 311 77408
301 314 531690
301 319 967961
301 310 189082
301 307 653877
301 317 477312
301 305 348056
302 306 43983
302 308 421822
302 303 534305
302 304 223071
303 314 860657
303 318 209652
303 320 500570
303 304 537048
303 311 826847
303 313 659842
303 319 522109
303 308 877715
304 314 159950
304 318 286539
304 316 55455
304 321 73809
305 324 982340
305 310 597074
306 312 733755
306 315 444808
307 308 708654
307 311 354367
307 327 72925
307 319 165381
307 321 669307
307 323 192801
308 319 87624
308 316 106069
308 315 195967
308 315 638806
308 312 958368
308 328 108700
308 310 923265
308 317 510469
309 321 154001
310 319 506958
310 328 993533
310 319 770773
310 319 854854
310 327 183833
310 317 579027
311 315 535395
311 317 2787
311 315 788233
311 315 241461
311 314 766912
312 322 219772
313 315 554465
313 327 113501
314 331 75248
314 318 992283
314 324 362585
315 321 718805
315 334 992844
315 333 919149
315 330 88379
315 330 415549
315 318 627760
316 335 798598
316 322 712356
316 329 587433
316 321 762574
316 326 811529
316 318 254089
316 323 869856
317 333 215674
318 319 213361
318 333 501088
318 335 376350
318 327 580044
319 324 55051
319 326 985171
319 324 225714
319 333 395521
319 336 972505
319 337 212929
319 329 856641
319 321 678539
320 328 483024
320 321 576892
321 333 244737
321 323 937036
321 337 642907
321 322 170348
321 336 793647
321 328 231166
321 330 953782
321 335 502234
322 327 617499
322 325 890862
322 339 671172
322 340 227382
322 324 960214
323 335 848572
323 327 847321
323 331 439602
323 328 223386
323 336 412877
323 341 18577
323 329 17348
324 339 72706
324 344 754954
324 337 185783
324 332 865000
325 330 396174
325 342 416990
325 343 146015
325 340 307787
325 329 327649
325 328 487468
326 332 353933
326 338 396353
326 331 373874
326 345 850534
326 331 907243
326 329 363713
326 330 702206
326 330 942247
326 327 72407
326 328 69076
327 343 812613
327 331 205370
327 347 306594
327 328 538089
327 347 520200
327 331 93809
327 335 264354
327 337 635924
328 345 672641
328 330 581135
328 333 609457
328 348 234010
328 338 519820
328 334 866606
329 335 869756
329 340 419175
329 342 333286
329 335 535722
329 330 989989
329 345 705176
329 335 613029
330 332 121667
330 333 729298
330 345 877265
330 343 283424
330 350 978527
331 336 380524
331 335 69144
331 341 684354
331 335 518150
332 337 623152
332 343 977416
332 346 901963
332 343 954324
332 346 734193
332 347 72271
332 333 868591
332 335 261675
333 343 835924
333 349 551200
333 346 632789
333 349 613119
333 353 352194
333 351 992962
333 337 792985
333 337 102488
333 335 201594
334 351 436096
334 339 700779
334 337 978483
335 344 111948
335 343 571079
336 352 997709
336 347 132721
336 340 227839
336 347 443195
336 354 798441
337 346 49110
337 344 332668
337 339 723953
337 349 574649
337 347 851787
337 353 418833
338 350 999382
338 339 367469
339 353 280989
339 357 499680
339 356 686871
340 352 101273
340 347 611948
340 353 700637
340 351 206119
340 344 5380
341 347 963421
341 347 146595
341 360 575245
341 356 392186
341 354 63704
341 347 859535
342 354 531619
342 343 704299
342 347 578427
342 348 943027
342 361 557864
342 348 463002
342 356 533061
342 343 726357
343 344 863023
343 347 721439
343 353 149531
344 364 360606
345 359 437373
345 358 642965
346 364 232455
346 352 890347
346 354 353487
346 359 130204
347 359 741172
347 353 602383
347 357 829682
347 359 934984
347 361 898019
347 360 646255
348 361 176056
348 360 990048
348 356 521945
349 365 443316
349 366 792746
349 352 315488
349 355 867743
349 355 862669
349 363 566913
349 364 83112
349 369 657857
350 353 289050
350 370 764284
350 369 443835
350 358 767039
351 364 690803
351 364 490317
351 367 967473
351 353 86191
352 360 687023
352 353 656715
352 359 555557
352 359 603065
352 359 810509
352 372 734625
353 358 604855
353 369 395369
353 357 650782
353 361 332110
354 367 470075
355 367 364128
355 362 929689
356 365 667236
356 370 385576
356 364 833284
357 364 157702
357 367 783737
357 360 40106
357 363 155708
357 360 796467
358 377 32297
358 360 974561
358 361 14389
358 363 315618
358 378 952705
359 372 698752
359 366 907087
359 364 203513
359 361 163957
359 376 196287
360 367 943569
360 362 961616
360 373 461211
360 362 680601
360 367 315681
360 372 612983
360 373 345774
360 377 822494
361 368 812156
361 368 666974
361 372 680253
361 379 333282
361 373 759204
362 365 243163
362 373 129497
362 375 679901
362 375 710109
362 368 783175
363 370 502874
363 376 666873
363 378 55087
363 383 852785
363 367 977243
363 369 140679
364 370 973095
364 384 935786
364 384 219113
364 368 679914
364 377 374790
365 372 650439
365 373 227512
365 374 411241
365 385 485296
365 381 298770
366 385 430942
366 376 701586
366 376 295983
366 371 115049
366 372 911830
367 383 187810
367 387 976494
367 387 236670
367 379 785518
367 380 637726
367 382 284718
368 371 856357
368 385 739065
369 378 526269
369 389 694244
369 389 96777
369 381 158430
369 373 670235
370 386 116984
370 377 652632
370 373 799303
370 384 724344
371 388 334360
371 389 370690
371 390 255875
372 373 278631
372 378 205347
373 379 111150
373 380 532629
373 390 253776
373 392 878623
373 385 459252
374 381 469603
374 381 903918
374 394 807731
374 393 630372
375 379 724071
376 387 741874
376 380 552494
376 382 286430
376 389 998465
376 387 80142
376 378 799598
377 389 471496
377 386 111315
377 394 395386
377 387 638361
377 381 594699
377 396 522292
377 394 73794
378 398 548888
378 388 205094
378 397 485182
378 398 492054
379 393 347719
379 383 513386
379 398 128976
379 394 872601
379 388 890342
379 386 948828
380 394 450108
380 384 820019
380 384 744411
380 400 519143
380 392 200042
380 400 106623
381 395 812142
381 399 151767
381 388 379091
381 392 779374
381 390 535116
381 394 457502
381 383 220503
381 397 793650
381 387 468084
382 384 335491
382 385 216936
382 394 30499
382 402 1517
382 402 189518
382 387 845500
382 385 361997
383 389 964670
383 384 175645
383 403 442431
383 400 613920
384 395 956324
384 404 572243
384 398 550782
384 398 364831
385 403 417744
385 395 278579
385 393 721598
386 406 624178
386 390 352678
386 395 281977
386 397 588723
386 397 502340
387 402 610207
387 400 890130
387 388 200937
387 399 338614
387 400 558472
387 398 819215
387 407 904959
387 402 394986
388 407 13569
388 397 206102
389 394 811302
389 409 726776
389 400 751919
389 400 311889
389 394 969942
389 401 555677
390 410 436282
390 400 676141
390 395 687754
390 392 729207
390 393 379711
390 408 307547
390 404 672815
390 404 145786
391 407 290831
391 403 450819
391 399 807897
391 394 756846
391 402 387055
391 409 786604
391 397 185726
392 410 890094
392 408 185910
393 409 775509
393 397 766201
393 402 857050
393 400 571986
393 412 837280
393 401 886009
393 403 44502
393 398 695828
394 397 221937
394 405 830639
394 400 465770
394 413 348623
394 407 864388
394 413 111123
395 414 169280
395 413 660364
395 400 334820
395 408 731471
395 397 173561
396 411 451033
396 397 103204
396 409 171907
396 402 71240
396 414 573109
396 406 527882
397 400 473423
397 407 827765
397 408 949254
397 403 721023
397 412 107516
397 410 489756
397 398 780244
397 409 184337
398 410 446164
398 399 302987
398 399 245307
399 406 623793
399 415 684213
399 416 348935
399 416 348253
399 410 226293
400 411 947554
400 409 369880
400 417 657069
400 415 280439
400 407 106466
400 409 273640
400 417 681637
401 405 193540
401 421 450287
401 406 510712
401 419 459825
401 417 739502
402 411 156808
402 412 526123
402 419 650626
402 413 988490
402 415 96208
402 416 871993
402 403 838444
402 412 346851
402 420 754172
403 410 163118
403 422 381656
403 420 921125
403 405 855721
403 409 153880
403 409 577858
403 412 674466
404 405 70980
404 418 504172
404 417 167852
404 414 387777
404 409 255503
404 422 425122
404 419 93546
405 422 512618
405 420 214243
405 412 265972
405 424 151204
405 414 877772
406 420 351753
406 409 23539
406 412 196471
406 410 454807
406 416 299888
407 426 461746
407 410 621348
407 427 786674
407 419 490666
408 415 462041
408 415 136335
408 423 212086
408 414 212158
408 426 70052
408 425 342210
409 421 345073
409 416 277848
409 412 310801
409 425 123752
409 425 18628
409 416 496868
409 426 21414
410 428 838018
410 422 456917
410 419 357095
410 419 879432
410 423 666261
410 428 871582
411 417 196342
411 427 254341
411 423 249321
411 412 539372
411 429 412573
411 421 434075
412 422 106044
412 429 114945
412 418 789898
413 425 203038
413 419 914093
413 416 443922
413 431 44831
413 419 728502
413 429 549329
413 432 598346
413 425 54323
413 417 25118
413 423 439282
413 424 370693
414 422 387441
415 430 232903
415 434 980715
415 427 314758
415 432 908823
415 431 239315
416 434 738525
416 421 675090
416 427 331321
416 429 558827
416 423 757038
417 429 347138
417 428 341036
417 425 738729
417 434 504324
418 434 733813
418 429 125835
418 428 849662
418 423 836158
418 426 988283
419 424 206438
419 426 698541
419 434 524060
419 432 917035
420 434 523118
421 428 215583
421 425 301906
421 430 96398
421 438 231594
422 433 295421
422 425 157704
422 435 327186
422 435 393012
422 434 866793
422 429 674557
422 427 442184
422 430 674637
423 428 619077
423 443 477232
423 425 772822
423 424 685253
423 439 851242
423 430 375781
424 436 398246
424 427 452980
424 429 717202
424 432 113702
424 425 615717
424 438 422708
424 443 49566
425 430 749119
425 441 822341
425 435 818260
425 427 270417
425 445 942833
425 436 684732
425 442 336327
425 432 983876
425 445 90464
425 443 862322
425 445 319587
425 435 579984
425 427 257621
426 445 49063
426 442 39458
426 431 641623
426 437 298541
426 429 56618
426 437 721252
426 442 366587
427 433 429448
427 442 941491
428 431 640651
429 438 499925
429 445 867083
429 435 911947
429 447 750446
429 439 706975
429 442 678558
429 447 770558
429 431 753511
430 432 229434
430 450 708078
430 446 996560
430 439 137733
430 445 869978
430 434 278380
430 440 733813
431 442 338874
432 445 613125
432 434 69485
432 436 679655
432 434 331998
432 438 224215
432 444 273864
432 446 882756
432 433 539754
433 441 604001
433 447 388475
433 445 212925
433 446 403694
433 438 115813
433 435 220262
433 448 978856
433 436 704588
433 453 872812
433 445 210846
433 441 294431
433 450 75322
433 448 696112
433 446 249148
434 444 310191
434 449 54948
434 451 20227
434 437 979804
435 445 245691
435 439 450840
436 452 822150
436 446 906750
436 456 520230
436 440 806024
436 456 201154
436 441 872600
438 454 637244
438 441 778907
438 448 987139
438 451 936577
438 439 718313
438 457 608797
438 444 115847
438 445 24856
438 447 391280
439 446 691674
439 454 42644
439 458 174987
439 450 56294
439 453 16055
439 459 805919
440 457 854433
440 456 485508
440 446 708649
440 454 264598
440 445 593808
440 445 800089
441 448 917340
441 443 703127
441 459 350215
442 456 840870
442 454 329949
442 450 98247
442 459 898678
442 454 66320
443 447 542192
443 450 277708
443 458 797057
443 455 413089
443 455 729547
444 461 48626
444 448 665057
444 458 909399
444 464 462329
445 463 115466
445 461 753491
445 465 689315
445 446 912984
445 462 751047
445 463 54246
446 447 944331
446 447 164892
446 450 607183
446 450 664977
446 466 848601
447 455 389546
447 463 337728
447 450 670027
448 458 382107
448 459 207389
448 453 939096
449 456 156081
449 467 677921
449 456 921044
449 466 10428
449 462 750212
450 451 858033
450 460 70946
450 460 990610
450 461 433720
450 452 171574
451 471 671229
451 460 270470
451 471 324983
452 469 343293
452 468 798016
452 462 140313
452 458 657644
452 467 577207
453 465 91801
454 467 301374
454 467 55048
454 470 874345
454 457 180091
454 466 102619
454 457 199840
454 462 393519
455 463 401821
455 465 465486
455 469 281676
456 460 714485
456 464 412649
456 466 963781
456 462 253321
456 462 972444
456 472 899262
456 464 447237
457 465 356553
457 464 842171
457 476 93935
457 460 872372
457 464 42606
457 464 555164
457 473 683185
457 460 892543
457 475 348419
458 461 296427
458 464 861601
458 475 91460
458 466 200355
459 460 189818
460 463 495916
460 473 505897
460 467 940783
460 472 586864
461 467 751493
461 481 604628
461 472 296156
462 468 486453
462 479 514594
462 472 748704
462 481 446243
462 466 786311
462 469 509823
462 478 423679
462 468 901472
462 465 547496
462 466 480586
462 479 823602
462 479 302051
462 464 580222
463 483 959189
463 466 995282
463 467 327346
463 470 791010
464 470 272728
464 484 656635
464 476 482741
464 470 706081
464 467 342444
464 479 370828
465 482 584888
465 483 72862
465 483 102273
465 471 332200
466 473 971229
466 471 220494
466 470 855321
467 474 7528
467 470 471288
467 477 67211
467 485 48906
467 481 581831
468 469 762064
468 480 348593
468 476 939232
469 481 581668
469 483 900917
469 487 686980
469 478 237384
469 474 70836
469 475 631908
469 488 956216
469 479 511126
469 473 954621
470 481 269652
470 475 534344
470 488 489089
470 478 822620
470 480 275550
470 472 908688
470 484 514594
470 489 22256
470 472 289820
470 472 145666
471 485 301432
471 473 579788
471 473 907009
472 477 668533
472 487 204183
472 474 558185
473 474 525137
473 488 499217
473 493 776644
473 484 2930
473 482 356628
473 487 380420
473 479 747578
474 489 74246
474 486 541191
474 489 178416
474 478 355641
474 490 563866
474 476 724940
475 489 448875
475 487 127778
475 489 795444
475 481 838693
475 493 966782
475 492 802348
476 488 129521
476 487 444220
476 489 701527
476 496 24641
476 482 477664
477 494 390110
477 496 103943
477 482 987570
477 491 259012
477 497 977899
478 483 89588
478 487 834303
478 497 120918
478 495 19528
478 498 822279
478 483 916080
478 494 521985
478 483 891038
478 482 577263
479 481 312415
479 497 177060
479 487 758217
479 488 272941
479 487 507723
479 496 98468
479 491 686345
479 485 157766
479 491 586327
480 481 187495
480 483 36180
480 492 739093
480 497 266201
480 490 922746
480 500 380817
480 499 531030
480 490 103868
480 486 638124
481 492 479871
481 491 922555
481 498 621246
481 501 996609
481 491 947292
482 486 121419
482 502 298290
482 483 38127
482 493 849902
482 501 312590
482 494 341870
482 490 239828
483 499 568318
483 503 960978
483 493 607678
484 500 546607
484 488 738760
484 491 893610
484 491 772384
484 495 152338
484 491 940477
484 491 458841
484 494 332039
484 503 91367
485 486 608513
485 490 977355
485 494 423496
485 505 888552
486 489 51021
486 503 214477
487 507 514400
487 505 971092
487 495 614061
487 502 121680
487 489 11100
487 504 35697
487 503 2195
489 490 160938
489 500 739598
489 504 68597
489 499 405314
489 504 989957
489 495 262287
489 490 558140
489 501 801269
490 500 282574
490 496 159224
490 499 362997
490 496 315974
490 498 261559
490 501 931991
491 506 586789
491 492 516999
491 504 341669
491 503 152097
491 495 81266
491 494 690172
492 499 395106
492 498 350698
492 497 312345
492 507 784126
492 500 85533
493 505 424750
493 512 452105
493 503 221258
493 506 798949
493 502 655996
493 504 975782
493 494 943232
493 503 863138
493 512 740838
494 499 584727
494 509 721205
495 506 247804
496 501 561986
496 514 580520
496 504 965681
496 508 488370
496 511 858219
496 497 398264
496 506 852162
496 499 124308
496 512 29761
497 507 811212
497 502 940263
497 501 362201
497 516 344533
497 508 333322
498 512 47557
498 514 221194
498 501 455118
498 510 990383
498 512 443046
499 515 54245
499 513 554279
499 519 521386
499 516 571957
499 512 464539
499 511 381806
499 500 954447
500 502 65715
500 501 402162
500 512 370999
501 505 435301
502 519 189397
502 521 965940
502 517 346471
502 504 744184
502 522 447124
502 518 266606
502 510 234985
502 518 782519
502 513 97708
502 520 835761
503 520 770829
503 523 656919
503 520 145469
504 517 402773
504 505 823763
504 507 371743
504 513 765149
504 508 963617
505 510 888756
506 523 195305
506 519 387076
506 507 437045
507 521 167034
507 510 177239
507 521 74734
507 525 173312
508 512 664627
508 528 581196
508 522 34733
508 512 583002
509 517 282690
509 527 908255
509 527 702564
509 513 600555
509 513 490398
509 514 77196
509 512 513085
509 523 711906
509 522 258993
509 515 252259
510 513 362148
511 515 218975
511 530 303947
511 525 601606
511 527 684202
511 512 56569
512 517 907820
512 519 244351
512 522 646579
512 515 986761
512 528 118925
513 522 596136
513 525 469128
513 518 131213
513 533 919607
513 523 751585
513 532 814550
514 517 510982
514 524 338634
515 520 16382
515 528 165597
515 533 612570
515 530 516600
516 527 879606
516 518 729761
516 519 101459
516 534 322040
517 535 134005
517 530 787437
517 521 436974
517 524 335028
518 529 950362
518 536 528635
518 524 492317
518 528 208715
518 536 441050
518 523 521661
519 528 163158
519 532 431119
519 524 550892
519 521 819095
521 541 865857
521 524 169320
522 537 558283
522 540 101267
522 534 377646
522 525 93279
522 533 278263
522 539 478284
523 536 396876
523 528 858852
523 531 906739
523 531 96163
524 534 278627
524 534 648104
524 539 551753
524 526 186429
524 527 862075
525 538 533284
525 545 930978
525 544 337666
526 537 533667
526 537 489793
526 528 636094
526 545 836704
527 538 443308
527 535 801117
527 547 650178
527 532 163894
527 539 391259
527 530 721692
527 543 394725
528 530 976330
528 538 732522
528 547 615557
529 541 755234
529 538 229171
529 542 201927
529 541 350177
529 536 211961
529 537 915360
529 542 559475
530 539 72223
530 548 338158
530 531 186207
530 531 732548
530 537 760659
530 533 896248
530 535 514390
531 534 794980
531 538 415170
531 533 919795
531 545 782110
531 533 612992
531 551 156375
532 548 552334
532 535 139507
532 548 461386
532 539 546290
533 552 60302
533 552 654406
533 546 517672
534 543 603956
534 546 340058
534 538 282762
534 535 294754
534 551 431332
534 539 525165
535 546 89370
535 552 862184
536 550 886045
536 538 470983
536 551 872658
536 537 875337
536 542 512077
536 543 64604
536 551 129122
536 554 769325
537 538 562407
537 543 215491
537 551 699086
537 556 290829
537 553 802354
537 548 161288
537 542 291024
537 554 834037
538 540 278713
538 552 305579
538 547 666580
538 555 291305
538 543 770217
538 556 76351
538 555 396475
538 557 201117
538 556 541478
538 556 394715
539 552 422025
539 542 786939
539 543 166725
539 559 634332
539 556 614776
540 556 274001
540 553 465779
540 548 532785
540 545 292370
540 549 965712
540 553 937053
540 557 116430
541 544 221914
541 552 568639
541 553 34038
541 549 208267
541 550 136804
542 548 364966
542 549 950341
542 556 129906
542 554 415513
542 544 752275
542 550 384356
543 549 158707
543 557 381076
543 544 186968
543 554 78034
543 551 564099
544 553 490839
544 550 321162
544 545 190369
544 560 231209
544 563 634135
544 552 711540
544 554 898201
545 554 318144
545 559 187451
545 556 715507
545 549 347892
546 565 398440
546 564 755841
547 558 919927
547 561 780479
547 556 195909
547 561 127978
547 555 882712
547 557 788159
548 560 389742
548 564 725753
548 552 345279
548 557 591018
548 563 962015
549 554 363063
549 561 449561
549 562 392778
550 569 788216
550 560 442530
550 558 8663
551 567 510189
551 565 941244
552 558 356313
552 554 400992
552 563 56968
552 554 887363
552 567 507186
553 555 468477
553 573 98607
553 558 320088
553 556 673077
553 555 89516
554 559 154510
554 571 337099
554 561 340798
554 557 223695
554 556 19300
554 560 370624
555 557 167087
555 560 935690
555 571 900995
555 567 448702
555 575 994987
555 557 177112
556 574 48193
556 564 986530
556 559 722012
556 562 544135
556 571 841530
556 566 429753
556 558 744094
556 576 77527
556 574 814587
557 569 96329
557 571 988098
557 564 402942
557 563 860152
558 573 920153
558 574 333964
558 559 537447
559 560 781639
559 565 905572
559 563 468181
559 562 769695
559 576 161379
559 570 525371
560 578 721354
560 578 929111
560 572 975771
560 577 347311
560 571 112634
561 578 518100
562 579 17920
562 576 727547
562 568 799948
562 566 273890
562 563 130986
562 576 319816
563 565 622615
563 577 227853
563 582 587316
564 583 707047
564 572 555305
564 574 103846
564 571 207211
564 574 434283
565 569 987777
566 570 832965
566 583 990723
566 568 442939
567 571 722564
567 573 135601
567 573 527378
568 579 876389
568 579 335675
568 576 573321
568 577 86163
568 569 285174
568 585 749699
568 577 559118
569 583 652372
569 576 261859
569 574 148860
569 575 801319
569 577 212392
569 572 95059
569 574 569691
569 586 575420
570 582 47670
571 572 483555
571 572 655977
572 591 56187
572 590 187688
572 575 905744
572 573 696545
573 591 378758
573 591 227661
573 574 836416
573 585 207782
573 577 650627
574 585 363096
574 591 989930
574 577 890234
574 579 998171
574 579 385055
574 580 469641
575 579 800392
575 591 866828
575 581 121836
575 590 607582
576 583 87179
576 590 228583
576 592 374127
577 585 685467
577 584 971924
577 592 523106
577 597 994250
578 580 826408
578 598 299657
578 587 485126
578 592 642900
578 585 501345
578 588 19584
579 586 70994
579 592 582119
579 584 692342
579 599 530120
579 584 755319
580 596 54690
580 581 622122
580 587 252465
581 590 331882
581 591 178071
581 601 671717
581 594 493375
581 593 226773
582 589 751982
582 592 489890
582 587 662474
583 597 527494
583 587 970528
583 589 907282
583 594 841521
583 591 390447
583 599 995213
584 602 816791
584 593 981603
584 586 917604
584 598 592486
585 589 820377
585 593 388900
585 596 932817
585 595 167716
585 594 784868
585 590 211774
585 588 970513
585 593 218160
585 591 269720
585 596 821949
585 596 491895
586 596 433432
586 587 775480
586 596 147026
586 599 919065
586 606 427297
586 596 78044
586 596 839233
587 607 512176
587 606 827391
587 595 104240
587 592 271219
587 601 911754
587 602 883518
587 607 165346
587 592 461301
587 594 176808
588 597 48957
588 602 289799
588 592 805751
588 590 789808
588 607 496941
589 605 342135
589 602 795630
590 609 364683
590 603 351238
590 603 460492
590 603 452802
590 598 793832
591 610 72515
591 607 297143
591 602 823265
592 595 431544
592 594 377105
592 607 588651
592 604 280282
592 602 812592
592 605 308804
593 610 216736
593 596 445906
593 604 980459
593 605 41362
593 606 184481
593 607 542307
593 599 876885
594 607 542934
594 608 823695
594 613 77016
594 609 56144
594 598 409535
594 610 224844
595 608 766914
595 609 213859
595 597 836606
595 615 267696
595 606 956134
596 607 630534
596 609 554507
596 600 42663
597 613 406541
597 616 211960
597 604 655504
597 614 61953
597 612 442754
597 606 795401
597 606 668076
598 612 42946
598 615 720200
598 605 34800
598 602 739778
598 599 734767
599 607 553410
599 619 417926
599 607 437592
600 601 966023
600 607 887800
600 612 769321
601 602 247289
601 616 838935
601 614 287241
601 620 157786
601 617 371971
601 608 271428
602 615 568483
602 621 80287
602 607 171321
602 604 902230
602 606 745853
602 618 226561
602 609 549410
603 615 416679
603 605 34941
603 614 331215
603 604 851064
604 613 218952
604 623 999954
604 612 410986
604 619 335098
605 625 460524
605 608 925596
605 625 84408
605 623 65482
605 625 655499
606 622 912607
606 612 877889
606 619 528928
606 622 152353
606 611 35076
606 615 403572
606 610 585942
607 612 650220
607 618 79704
608 612 934675
608 609 965977
608 613 609905
609 619 424698
609 615 540467
609 618 700078
610 617 77288
610 614 646609
610 629 39805
610 626 586987
610 611 245291
610 620 101876
611 616 639839
611 629 159514
611 630 935483
612 629 188016
612 632 664972
612 616 170538
613 623 825468
613 621 891670
613 618 898216
613 615 133101
613 614 583140
613 627 656283
614 629 103885
614 616 401834
614 630 88879
614 632 521734
614 632 281609
615 616 900173
615 631 238622
615 624 62981
615 633 504445
615 621 569346
616 617 737011
616 633 181720
617 620 352159
617 635 879950
617 621 62502
617 626 571076
617 629 446457
617 632 396358
617 628 436564
618 631 704833
618 632 432456
618 632 604790
618 619 970811
618 629 410941
618 629 194878
618 625 250380
618 621 397167
618 636 180007
618 633 974944
618 621 210666
619 629 561048
619 622 439765
619 638 224761
619 639 563623
619 620 464626
619 623 135150
619 621 75173
619 629 832110
619 636 31595
619 626 244800
620 633 357271
620 638 16253
620 632 965864
620 632 983788
620 634 766739
620 635 902696
621 640 696657
621 627 53845
622 636 443557
622 633 338564
622 631 584944
622 623 394917
623 633 121768
623 626 552748
623 635 507814
623 632 490184
623 635 411840
624 642 216992
624 637 146935
624 628 715806
624 627 361393
624 635 222593
625 640 286201
625 632 495837
625 629 951285
625 630 983526
625 632 622232
625 630 237389
626 627 280697
626 633 597497
626 641 927445
626 644 236506
626 631 568017
626 639 787259
627 644 855970
627 638 639830
628 634 431968
628 633 282620
628 637 417688
628 635 894820
628 633 410065
628 641 218260
629 633 641265
629 639 379614
629 640 962401
629 645 61789
629 643 215758
629 642 679745
629 633 48914
629 631 289126
629 630 419699
629 640 70651
629 635 413513
630 646 506914
630 633 666422
630 639 525363
630 650 382305
630 631 284391
630 640 227955
631 632 764130
631 643 680998
631 632 941231
631 650 510859
631 636 95826
632 633 709627
632 633 766538
632 651 544912
633 652 404086
633 636 674757
633 650 154250
633 641 921611
633 648 615826
634 646 265789
634 650 180950
635 642 162742
636 650 240030
636 645 539826
636 642 567768
636 655 311986
636 640 792776
637 646 364468
637 644 996383
637 642 144003
637 643 189743
637 649 286410
637 657 910813
637 655 401455
638 648 612824
638 646 265822
638 650 447146
638 657 627202
638 643 1901
638 643 624203
638 645 69055
639 648 635677
639 641 311337
639 658 754198
639 656 364652
639 647 682194
639 643 2717
639 652 180098
639 653 64659
639 645 590826
640 656 112302
640 649 401386
640 650 101290
640 646 130208
640 647 120884
640 648 875899
640 642 14621
640 659 591299
640 649 178813
640 659 281559
641 657 627514
641 644 694775
641 650 581896
641 648 290500
641 652 676787
642 657 461892
642 645 627387
642 645 716218
642 659 934639
643 650 578998
643 645 909150
643 658 33129
643 659 695865
643 646 743820
644 649 20765
644 651 290209
645 664 383008
645 663 388169
645 665 699962
645 663 162135
645 648 200070
645 662 279654
645 650 780536
646 660 832199
646 650 260321
646 657 130877
646 664 631585
647 667 688861
647 660 879900
647 658 121039
647 655 633777
647 664 21322
647 657 762119
648 661 3328
648 653 235080
648 650 455349
648 658 754787
648 655 551942
649 652 590764
649 662 428727
649 650 936103
650 657 285982
650 653 789637
650 664 274206
650 665 70174
650 669 813590
650 651 815456
650 661 406988
651 653 417702
651 653 269572
651 667 221981
652 660 448629
652 656 55859
652 654 234957
652 667 681504
652 659 918884
652 659 437162
652 669 10047
653 662 911315
653 656 997798
654 656 150310
654 670 640472
654 657 484435
654 656 331277
654 664 571718
655 669 371821
655 662 648111
655 662 332447
656 669 442845
656 670 604964
656 659 236588
656 675 544965
656 672 826081
656 658 564410
657 658 571811
657 671 111948
657 662 831341
657 677 335213
657 659 650369
657 665 550247
657 675 227375
657 676 572291
657 665 773014
658 667 150955
658 677 795482
658 678 321057
658 669 174263
659 660 501250
659 668 842853
659 667 510469
659 678 523948
659 673 490952
659 660 298938
659 676 352477
659 672 463939
659 676 630865
659 674 778680
660 675 741566
660 676 878955
660 678 835825
660 680 602610
660 675 297934
660 664 722106
660 669 795698
660 679 716573
661 662 712458
661 669 614967
662 675 982786
662 682 290646
662 672 224225
662 680 159616
662 663 852083
662 668 272586
662 674 850294
663 673 271990
663 668 89641
663 679 948780
663 677 880354
664 677 158716
664 671 145487
664 677 359282
664 668 457440
664 679 656971
664 679 157411
665 677 236952
665 671 963551
665 668 994593
666 677 572069
666 685 413452
666 681 444723
666 682 326430
667 672 526971
667 677 567648
667 674 691445
667 675 810950
667 673 299776
667 678 154892
667 669 360846
667 679 772017
668 669 664001
668 670 97449
668 671 940848
668 675 405390
669 675 795439
669 673 450279
669 683 253934
670 680 710379
670 684 466064
670 673 637512
670 686 751630
670 676 129455
671 691 671405
671 672 154722
671 689 428174
671 677 941489
671 678 748181
671 677 474673
672 686 699340
672 685 814014
672 683 518793
672 673 226706
672 674 462605
672 683 45735
672 675 249918
672 692 156841
672 674 362471
673 676 623136
673 674 705198
673 682 117501
673 687 910519
673 686 415026
673 679 574791
673 681 493031
673 677 387852
673 691 911802
674 677 455179
674 681 151014
674 686 452713
674 684 57112
674 680 17982
675 676 468750
675 694 260055
675 685 1920
675 678 555195
676 688 146596
676 688 496273
676 693 477757
676 691 242352
676 694 961571
676 680 243574
676 694 267273
677 678 284093
677 684 298891
677 693 110139
677 692 568454
678 689 636153
678 684 740988
678 697 411606
678 689 906760
678 690 266349
678 680 147248
678 684 42196
678 680 434137
679 698 609670
679 695 189518
679 681 38228
679 698 681044
679 691 397015
680 690 283432
681 696 539753
682 692 446426
682 695 929541
682 691 518718
682 688 141644
682 685 222400
682 702 693898
682 701 487640
682 698 83416
682 702 884110
682 694 338163
682 691 165200
683 685 821900
683 686 134754
683 700 119106
683 689 335141
683 703 313101
683 703 829787
683 700 592476
683 701 104506
683 697 273057
683 691 769071
684 698 571227
684 695 257829
684 695 86821
684 695 261414
684 695 52301
684 687 432656
684 689 864744
685 703 462764
685 697 640276
685 695 253627
685 705 221790
685 689 684482
686 695 5732
686 700 372793
686 690 851566
687 707 676334
687 704 493705
687 705 5278
687 704 200435
687 695 258039
687 688 147470
688 703 142263
688 693 48047
688 691 733225
688 692 881350
689 696 461442
689 704 421955
689 700 308551
689 704 542071
689 700 718194
689 704 182953
690 698 916468
690 700 805914
690 698 992092
690 693 777883
690 709 619769
691 706 785501
691 702 904573
691 701 370393
691 693 133618
691 699 700673
691 698 975778
691 697 576406
692 695 988289
692 702 443468
692 696 94429
692 703 138603
692 702 825546
692 705 894424
693 701 955015
693 706 457315
693 697 230645
693 695 152978
694 700 160313
694 702 250429
694 706 891375
694 710 817499
695 696 372929
695 702 392478
695 699 75481
695 697 612811
695 704 270932
695 713 652733
695 710 573431
697 713 723945
697 704 360966
697 712 350788
697 711 8498
697 714 160164
697 707 806547
697 698 417941
697 703 340487
697 714 700302
697 710 864906
698 717 225875
698 714 108470
698 706 947740
698 715 379004
698 701 317925
698 713 595476
698 706 299479
699 704 181506
699 700 782119
699 714 969418
699 710 622077
699 702 376052
699 713 32776
699 701 935971
700 707 722305
700 708 192819
700 709 539597
701 715 596625
701 712 152342
701 710 199056
701 714 808524
702 717 403593
702 706 376936
702 709 982834
702 713 621794
702 709 253282
702 719 39108
702 705 920708
703 708 487614
703 708 118330
703 718 117643
703 708 830724
703 722 357780
703 715 274802
703 706 792691
704 715 197206
704 709 255547
704 718 525181
704 712 661446
704 719 935791
704 713 782063
704 709 48228
704 716 34705
704 712 159802
704 722 597967
704 717 567397
705 710 902438
706 714 586247
706 712 854624
706 712 897184
707 721 278539
707 710 311446
707 725 124537
707 717 634200
707 709 520120
707 724 758624
707 718 743541
708 718 743416
708 725 803228
708 721 370031
708 709 504948
709 721 28492
709 727 19257
709 719 178257
709 721 624393
709 725 283443
709 729 736084
709 716 154409
709 711 319405
709 724 430100
709 721 343750
709 717 946990
710 714 322443
710 718 651798
710 724 601022
710 716 488266
710 727 715267
710 717 280726
710 720 132652
710 716 709196
710 715 589720
711 716 401508
711 715 349047
712 717 958903
713 715 771361
713 714 858886
713 727 275112
713 722 341185
713 716 627819
713 724 321813
713 732 335341
713 733 984948
713 718 10165
713 721 198699
714 718 913623
714 717 894448
714 718 73299
714 715 328635
715 730 972060
715 735 436839
715 732 182748
715 719 809289
715 733 326198
715 732 536144
716 726 46012
716 724 331229
716 719 850962
716 732 878997
717 723 564786
717 725 733572
717 736 742386
717 727 204037
717 733 723427
717 723 132031
717 718 411739
717 736 23074
717 728 285974
718 721 302131
718 731 352680
718 727 706980
718 728 414502
718 736 400535
718 731 863573
718 730 878436
719 723 841571
719 726 24761
719 732 922837
719 724 452626
720 740 441233
720 734 203769
721 741 238381
721 731 554335
721 728 346279
721 728 528188
721 727 2214
721 737 507908
722 740 920833
722 742 276779
722 730 906383
722 739 238697
723 738 765790
723 726 288241
723 735 533624
723 734 216751
724 734 593443
724 728 733105
724 742 894264
724 733 777527
725 729 801735
725 730 697565
725 726 811672
725 742 333321
726 737 965381
726 727 812496
726 730 363510
726 727 832622
726 736 501085
727 736 729941
727 739 539843
727 731 671429
727 728 854083
727 747 138621
728 730 693654
728 743 655890
728 732 513246
728 748 108622
728 740 284375
728 747 55018
728 733 441354
729 743 26783
729 732 418292
730 743 80456
730 735 601158
731 744 775116
731 746 755807
731 746 422476
731 749 168311
731 737 954392
732 734 834493
732 747 61143
732 742 760084
732 747 175206
732 744 512857
732 746 259440
732 752 520328
733 739 964223
733 742 166047
733 749 988786
733 740 995315
733 742 850047
733 743 809506
733 738 881419
733 752 928585
733 740 863816
734 735 201175
734 735 271342
734 739 91585
734 744 420494
736 744 556103
736 744 37666
736 756 691175
736 748 808729
736 738 465777
736 740 322674
736 739 810155
736 739 479270
736 746 223686
737 751 964427
737 749 780192
737 746 493014
738 750 702843
738 749 297488
738 750 389917
738 748 455917
738 749 465082
739 750 75417
739 749 821135
740 749 734164
740 745 121233
740 750 199056
741 760 693414
741 748 375576
741 758 294769
741 749 142307
741 746 792324
741 749 631897
741 744 932320
741 761 599685
741 751 847313
742 747 878396
742 746 847208
743 752 751357
743 755 94745
743 760 176489
743 744 677078
744 759 463973
745 757 480123
745 746 208317
745 760 231165
745 765 487740
746 755 303164
747 754 208634
747 761 474416
748 766 248212
748 762 169907
748 765 674178
748 753 389115
748 749 817717
748 755 94907
749 753 491616
749 750 542730
749 757 536408
749 761 526452
750 765 862335
750 752 37728
750 767 726349
750 762 44802
750 762 250720
750 767 654850
750 753 67990
750 763 185597
751 760 557768
751 752 503881
751 767 887978
751 770 700127
752 759 254784
752 770 101284
752 767 452755
752 754 425864
752 766 251795
752 763 558532
752 757 178399
753 760 169389
753 769 705604
753 757 639630
754 774 281347
754 772 196181
754 761 549158
754 758 473804
754 774 966419
754 764 146203
754 756 66721
754 773 390588
754 763 841275
755 765 31887
755 761 483588
755 773 596864
755 775 676026
755 765 969141
756 768 870061
756 762 542908
756 757 898018
757 776 835221
757 772 744899
757 761 453163
758 776 745801
758 773 27305
758 769 684717
758 772 356634
758 772 772106
758 763 741954
759 776 505624
759 777 559691
759 769 678773
759 775 184642
760 777 929124
760 780 160820
760 777 254075
761 768 72947
761 763 292567
761 776 369918
761 776 527987
761 771 287663
761 772 884313
762 772 875702
762 781 163864
763 779 150791
763 779 695143
763 764 958735
763 773 233593
763 775 22077
764 774 286081
764 781 321486
764 784 596839
764 772 171353
765 775 445228
765 775 71245
765 783 192250
765 766 134343
765 776 586544
765 775 634984
765 773 398733
766 784 213191
766 783 229338
767 775 962163
767 781 124845
767 776 859388
767 775 420779
767 778 503938
767 772 484430
767 785 840798
767 781 548039
767 783 276304
768 778 122502
768 771 172776
768 772 804536
768 778 33657
768 773 421840
768 771 285082
768 778 584729
769 776 711823
769 787 481530
769 782 451192
770 786 805787
770 789 244729
770 785 310679
770 780 30009
771 781 73347
771 777 347935
771 778 402830
771 772 438458
771 781 591369
771 791 454575
772 780 770185
772 784 989689
772 789 183323
773 776 77083
773 790 161751
773 786 982170
774 782 110232
774 784 741321
774 778 854059
774 785 132244
774 786 522822
774 779 760962
774 792 719195
774 792 159717
775 782 156684
775 786 102579
775 776 710945
775 784 365834
776 782 693688
776 783 938223
776 790 672093
776 790 921528
776 788 69803
776 788 60395
776 787 647681
777 791 716358
777 786 529160
777 784 709425
778 785 262196
778 797 20481
778 797 753913
778 797 961726
778 790 905936
778 797 795174
778 790 769882
779 793 797507
779 793 15476
779 791 2379
779 797 547371
779 798 283384
779 794 676530
780 793 879575
780 787 870546
780 795 158276
780 797 842610
780 783 964742
780 789 869207
781 783 975286
781 794 756077
781 787 937734
781 782 146982
781 800 90880
781 784 772227
782 786 427900
782 792 395137
782 787 65398
782 800 625765
782 792 69183
783 789 344492
783 784 2755
783 791 915852
783 790 342092
783 785 815279
783 801 750213
784 792 220769
784 793 818065
784 794 739399
784 788 201804
785 795 245618
785 803 784098
786 800 669093
786 798 85231
786 795 750723
786 798 865302
786 800 821229
786 799 976247
786 798 524747
787 796 900491
787 794 268632
787 803 935441
787 791 792979
787 799 861854
787 797 428723
787 788 294656
787 801 195258
788 807 822580
788 793 490718
788 806 901961
788 791 913076
789 793 383653
789 796 374781
789 806 714118
789 797 231222
789 801 552427
790 805 825723
790 803 946356
791 809 651388
791 808 794855
791 807 391410
791 800 315797
791 808 50931
792 799 692252
792 812 62516
792 803 660046
792 793 507439
792 806 50018
794 814 72966
794 813 513721
795 800 322918
796 812 635988
796 806 287871
796 815 970325
796 798 546547
796 814 652883
797 807 673869
797 812 65265
797 799 822596
797 798 63153
798 815 670784
798 800 764229
798 804 533069
798 810 538550
798 806 119086
798 813 703321
798 818 463811
798 807 977631
799 805 416349
799 812 118395
799 804 740881
799 819 905658
800 803 591836
800 819 255086
800 814 86550
801 812 705387
801 814 660074
801 815 40166
802 818 703861
802 813 698
802 820 753005
803 819 378700
803 819 233588
803 812 503874
803 815 218989
804 810 376368
804 823 242526
804 815 201891
805 815 413766
805 815 419266
805 809 62033
805 818 819122
805 808 575962
806 815 462728
806 809 158352
806 811 793508
806 823 402844
806 817 446556
806 818 491042
807 810 716838
807 823 751878
808 814 430955
809 825 413185
809 818 809736
809 821 604676
810 815 945495
810 826 515692
810 813 55662
810 819 582
810 824 668773
811 830 765253
811 814 795166
811 819 587746
811 822 735568
811 827 769604
813 830 315940
813 815 54896
813 827 990852
814 829 543042
814 826 13568
814 823 713373
814 831 987908
815 826 863279
815 828 303607
815 825 581561
815 817 261604
816 826 865149
816 819 62846
816 836 787881
817 830 833632
817 832 385651
818 831 318963
818 824 356181
818 825 433971
818 822 168619
818 836 757204
818 835 271386
818 828 595392
818 830 970723
819 832 784389
819 838 54777
819 831 508205
819 834 466032
820 823 70398
820 829 731670
820 824 292323
820 837 24662
821 834 199290
821 838 24890
821 833 170208
821 824 709377
821 840 68986
822 833 54034
822 838 710517
822 838 531360
823 831 110576
823 825 312670
823 838 773080
824 830 133301
824 842 608964
824 837 176867
825 832 325203
825 844 62294
825 841 780371
825 840 423978
825 834 287603
825 845 951119
825 835 400091
825 832 873198
825 834 45066
826 842 673165
826 835 219264
826 829 338706
826 846 71646
826 830 146996
827 834 852522
827 845 891176
827 839 137815
828 839 531611
828 830 98485
828 837 94651
828 830 811717
828 838 470891
828 834 690063
828 843 573478
828 831 190039
829 846 85987
830 834 353149
830 841 101834
830 850 354069
830 847 211799
830 837 300647
830 839 918860
830 836 796615
830 844 834780
830 833 572743
830 846 621909
831 839 571788
831 846 213773
831 849 18511
831 836 236033
831 838 558420
832 835 159850
832 844 233296
832 838 840337
832 835 311430
832 845 692563
833 843 722979
834 843 257976
834 837 40043
834 854 234145
834 839 40627
834 841 653473
835 850 259041
835 855 996094
835 845 990641
836 842 863048
836 848 461337
836 844 862185
836 839 790831
837 855 662444
837 840 622330
837 851 570483
838 848 380294
838 847 82068
838 853 678523
838 857 409460
838 842 729680
839 853 969159
839 844 371149
839 852 960518
839 858 281726
839 843 682194
840 842 2975
840 854 649528
840 856 266948
840 852 18486
840 854 743511
840 848 407997
841 851 777896
841 851 495703
841 844 126160
841 846 715114
841 845 40278
841 843 494270
842 854 302230
842 858 997116
842 859 232639
842 859 957704
842 856 50124
842 848 744128
842 857 361205
843 860 271509
843 859 899239
843 857 358345
843 862 706689
844 853 992777
844 856 883504
844 863 70142
844 856 785629
844 856 205135
844 849 341158
844 861 608905
844 861 389851
844 860 42065
845 851 562633
845 865 817337
845 851 85996
845 855 971121
846 852 304688
846 856 180480
846 852 548713
847 860 857140
847 863 75860
848 853 20982
848 856 184542
849 861 46337
849 855 427715
849 868 785236
849 858 559897
849 860 338790
849 865 88494
849 854 215146
849 850 843776
849 851 612419
850 855 902556
850 855 155226
850 860 727768
850 857 609197
850 855 834981
850 865 585946
850 855 751423
850 855 351789
851 867 536439
851 864 168406
851 870 22147
851 865 542414
851 858 117684
851 852 806492
851 862 265368
851 871 57059
852 863 526449
852 867 350814
852 863 188790
852 867 877615
852 866 59065
852 864 589059
852 870 295209
853 858 185354
853 868 382776
853 857 969814
853 865 271568
853 873 181267
854 870 979393
854 855 109414
854 870 361662
854 874 24952
854 859 859193
855 859 107349
855 869 116780
855 875 367615
856 874 442762
856 860 310681
856 857 91508
856 869 32993
856 862 609696
856 871 76573
856 876 401496
857 863 41930
857 872 889263
858 869 229361
858 861 536377
858 862 404267
858 876 342827
858 871 657878
858 878 152336
858 869 879912
859 872 665470
859 863 568579
860 875 697689
860 879 250618
860 864 591078
861 864 872131
861 875 474258
861 867 969245
861 872 884916
861 880 811956
862 870 488833
862 881 196963
862 879 441375
862 871 717322
862 870 261660
863 867 329008
863 874 173039
863 872 950698
863 879 879486
863 864 383468
863 866 645554
864 873 320111
864 878 171624
865 874 844612
865 884 737658
865 881 257464
865 868 331182
865 873 478793
865 885 302541
865 884 585240
865 871 615478
865 873 564895
865 882 214995
865 875 439621
865 881 25469
866 873 115040
866 876 912668
866 883 58778
866 867 462657
866 874 807686
866 874 290776
867 868 365253
867 870 501176
867 868 390996
867 869 986013
867 874 108601
867 872 938424
867 877 716894
867 872 912852
867 874 789805
868 879 617036
868 888 129853
868 888 269484
868 879 346571
868 881 600950
869 879 839148
869 876 976774
869 884 547634
870 884 633863
870 873 241373
870 871 357927
871 875 874549
871 891 182424
871 880 989813
871 880 270105
871 881 248649
871 886 623957
871 889 210684
871 889 621210
871 876 913803
871 889 282301
872 885 217934
872 885 281835
872 892 11560
872 873 862659
872 881 330444
872 886 130867
873 886 876563
873 878 555008
873 893 589483
873 891 71162
874 890 629890
874 885 300527
874 882 304100
874 885 560574
875 877 125425
875 881 425967
875 893 219539
875 879 334129
876 878 341390
876 893 663812
877 883 178056
877 879 972169
877 889 873835
877 896 813767
877 889 915529
878 897 32415
878 891 462976
878 886 292177
878 885 357694
878 881 646752
878 883 46566
879 886 360644
879 882 257715
879 892 308271
880 885 760589
880 885 846403
880 899 282314
880 887 167313
880 889 117430
880 893 884661
880 887 408598
881 884 572240
881 887 759226
881 896 481637
881 901 490081
881 897 172601
881 895 206993
882 893 746789
882 890 851703
882 894 120861
883 898 145564
883 898 442342
883 899 359577
883 886 112068
883 894 500284
884 885 196481
884 903 542059
885 900 172693
885 902 204600
885 901 170002
885 902 950902
885 899 342959
886 905 698348
886 901 615992
886 905 532839
886 898 564948
887 907 970132
887 899 19143
887 895 7230
888 905 855880
888 900 431045
888 889 318085
889 908 14144
889 898 875046
889 903 982468
889 909 81200
889 897 925285
889 898 161883
890 906 402444
890 901 342678
890 905 25178
890 891 190026
891 907 204445
891 903 324380
891 896 211984
891 900 311878
891 908 51927
892 906 321160
892 894 563036
892 897 832555
892 911 910835
892 902 151991
893 902 827685
893 899 517110
893 911 595739
894 902 528568
894 900 96569
894 908 497576
895 911 501598
895 903 521231
895 913 767736
895 896 305175
895 898 933629
895 899 598530
895 908 920711
896 908 859389
896 910 485120
897 912 706431
897 916 100815
897 916 153894
897 910 284865
897 907 303749
897 903 603115
897 909 765526
898 907 164863
898 901 148470
898 901 760478
898 905 522865
898 909 313181
898 915 784780
899 907 70170
899 918 737234
899 917 668145
899 906 445248
899 918 372874
900 916 638405
900 903 962789
900 916 63908
900 911 484713
901 921 158253
901 909 881081
901 911 52171
901 908 294457
901 916 345726
902 908 137791
902 919 61164
903 911 30973
903 905 978691
904 914 101838
904 913 328163
904 906 251391
904 917 253258
904 916 798192
905 907 482031
905 918 852283
905 925 662115
905 907 145572
906 921 359541
906 910 509409
906 916 226517
907 920 762077
907 909 740699
907 911 852631
907 910 1113
907 927 986608
908 926 791566
908 909 512149
908 924 411356
908 923 488858
908 916 659469
908 913 777768
909 924 109921
909 929 909991
909 921 715083
909 929 804400
910 912 191678
910 927 212524
910 917 534769
910 922 773985
910 918 52762
910 911 113663
910 929 490842
911 922 923653
911 924 128213
911 913 402746
911 914 997638
911 914 591369
911 916 173696
912 917 808939
912 924 888903
913 927 473979
913 931 412400
913 923 80263
914 917 650359
914 922 84899
914 925 349424
914 923 902690
914 918 490816
915 934 589271
915 932 299628
915 924 422456
915 925 243554
915 922 524309
916 936 394679
916 927 36120
916 918 113936
916 927 33725
917 923 630789
917 933 642131
918 930 437283
919 936 97956
919 928 637793
919 926 372482
919 927 188070
919 935 362322
919 928 787849
919 922 87997
920 923 527064
920 925 51604
920 939 80557
920 926 350949
920 936 968718
920 930 120236
921 938 540932
921 935 741307
921 937 682655
921 922 387836
921 923 866551
921 933 936470
922 924 274790
922 939 419919
922 941 126036
922 940 458481
923 933 343619
923 927 729296
923 934 538236
923 924 169178
923 924 421849
923 935 316672
923 924 741669
923 938 681141
923 937 501953
924 939 481940
924 929 623593
925 937 983799
925 944 921526
925 941 15733
925 933 857637
925 938 278731
925 929 375960
925 938 201679
925 937 746603
926 935 403968
926 939 640297
927 947 441682
927 941 649984
927 942 489625
927 936 376259
928 938 991460
928 929 340495
928 943 127180
928 935 456128
928 937 396157
928 935 264244
928 931 832676
929 943 827968
929 948 106841
929 939 625458
929 930 661423
929 935 265558
930 931 332170
930 934 457613
930 943 786624
930 933 23948
931 936 778611
931 941 350817
931 935 822270
931 949 734810
931 937 84142
931 941 522201
932 949 951651
932 941 150819
932 946 261127
932 938 869353
933 947 109518
933 934 275801
933 939 971599
933 951 202741
934 939 707714
934 948 734531
934 941 586634
935 945 820103
935 950 22133
935 948 793854
935 949 490897
935 953 541532
935 941 204401
936 955 171289
936 944 541905
936 951 146520
936 947 445334
937 955 828184
937 944 391689
937 954 819998
937 939 127574
937 943 914818
937 939 449792
938 949 784809
939 947 241704
939 941 92371
939 940 231421
939 944 297014
939 951 617078
940 948 41755
940 955 30334
940 955 822711
940 957 131663
940 951 636540
940 956 667954
940 953 156001
940 958 305525
940 950 487216
940 941 340606
940 960 66143
940 959 670559
941 955 497841
941 949 26203
942 951 374333
942 960 857705
942 958 304655
942 947 728598
943 945 209054
943 957 975935
944 949 706462
944 958 111392
944 960 693814
944 961 263830
944 963 506965
944 946 490924
945 952 368993
945 961 948452
945 946 35040
945 962 519523
945 952 311162
946 966 221714
946 964 798031
946 948 831603
946 947 354197
947 963 594689
947 950 234676
947 967 62331
947 959 948486
947 964 491090
948 966 574905
948 957 979777
948 953 260231
948 956 469772
948 951 369880
948 960 792220
949 951 589926
949 964 501947
949 965 732753
949 969 636346
949 961 313236
949 956 130171
949 952 744
949 955 891052
949 966 255975
949 953 241617
949 958 529172
949 956 198293
950 958 30409
950 957 153554
950 968 130033
950 967 675087
950 958 248423
950 967 205881
950 963 615295
950 966 495318
951 965 777715
951 968 188198
952 958 974288
952 959 147162
952 957 679763
953 958 208826
953 971 641806
953 962 625857
953 955 987600
953 966 586236
954 969 649843
954 972 228243
954 958 461975
954 973 358407
954 970 389423
954 962 892029
954 974 511163
955 956 253065
955 968 450534
955 960 391294
955 959 191473
955 961 743541
955 964 436607
956 960 662877
956 960 118018
956 960 771666
956 967 348182
956 962 650065
956 971 122349
957 975 553514
957 977 237275
957 960 323783
957 958 923554
957 961 120941
957 962 147537
957 965 409568
957 975 733016
957 959 743995
957 974 748512
958 961 985248
959 963 432632
959 970 442797
959 968 99523
959 969 252720
959 977 960528
959 963 93677
959 965 683818
959 973 510605
959 964 384082
960 964 317097
960 969 96185
960 969 941895
960 976 897218
961 970 855828
961 967 945287
961 972 280963
962 963 626091
962 969 978293
962 979 161168
962 968 221097
963 972 563946
963 970 737702
963 972 756852
963 979 167383
963 976 35617
963 965 899750
963 968 630198
964 980 859212
964 970 123350
965 973 3783
965 974 504765
965 970 275198
965 973 290561
965 980 235921
965 985 28790
966 986 99412
966 984 432018
966 976 951805
966 975 619777
966 976 33420
967 986 915785
967 970 634523
967 987 594431
967 978 133478
967 984 918204
968 977 38317
968 977 370379
968 975 925223
968 975 926356
969 981 650858
969 975 635358
969 976 410136
969 980 715072
969 970 739611
969 979 913289
969 981 225653
969 975 901424
969 987 848913
970 990 962734
970 987 947678
971 989 383948
971 975 268989
971 978 898391
971 983 166569
971 976 775771
971 985 292919
971 983 169438
971 976 789534
971 977 650956
971 973 649384
972 975 589220
972 977 618201
972 973 697520
972 991 255056
972 982 158394
972 976 365820
973 991 575806
973 988 552768
973 984 650667
974 987 70250
974 980 953086
974 992 902097
974 990 232432
974 981 903821
974 983 161198
974 984 969563
975 994 989466
976 995 391745
976 986 852112
977 987 465263
977 992 943692
977 984 702935
977 993 447146
978 996 371262
978 984 589133
978 986 806611
978 998 476260
978 993 773023
979 987 761339
979 992 656846
979 991 86542
979 994 400461
979 980 645987
980 983 760756
980 995 748616
981 983 453719
981 987 332042
981 995 332311
981 986 620552
981 982 873486
981 989 41319
981 986 651483
981 994 122471
981 994 712202
981 987 43222
982 992 846872
982 989 36948
982 992 467030
982 991 571879
982 990 967963
982 998 657968
983 989 997551
983 997 872461
983 995 693797
983 985 743360
983 995 708633
983 985 627584
984 987 941723
984 1000 610878
984 996 176314
985 989 643515
985 989 537028
985 999 516056
986 990 984396
986 997 144766
986 988 491582
986 999 624784
986 1000 280224
986 998 334029
987 992 322729
987 990 246586
987 997 132230
987 991 361120
987 1000 105210
987 988 417089
987 991 256678
988 1000 517713
988 999 750393
988 995 882259
988 994 619562
989 992 973409
989 1000 771924
989 990 645664
990 993 98145
990 992 825891
990 994 805466
990 994 367694
991 995 75518
991 994 597950
992 996 723617
992 998 860392
992 996 559254
992 995 11376
993 1000 842145
993 994 363163
994 1000 529702
994 995 53862
994 1000 392022
995 998 408120
995 998 972363
996 1000 785557
996 999 934929
997 1000 198901
997 1000 958840
997 999 12468
997 1000 386871
998 999 157595
